0.003896	0.003896	0.003896	0.003896	0.003896	0.003896	0.003896	0.003896	0.003896	0.003896	0.003896	0.003896	
0.003896	0.029496	0.003896	0.003896	0.003896	0.003896	0.003896	0.003896	0.003896	0.003896	0.003896	0.003896	
0.003896	0.117918	-0.325377	-0.639694	-0.399111	-0.289295	-0.226331	-0.226331	-0.234865	-0.117437	-0.044352	0.003896	
0.003896	-0.222646	-0.278988	-0.234015	-0.479914	-0.599318	-0.670071	-0.541181	-0.916247	-0.383327	0.075667	0.003896	
0.003896	-0.026919	-0.016022	-0.006445	-0.011951	0.005367	0.072165	0.055953	-0.783510	-0.013260	0.225198	0.003896	
0.003896	0.003896	0.003896	0.003896	0.003896	0.003896	0.076995	-0.493013	-0.532899	0.300964	0.104257	0.003896	
0.003896	0.003896	0.003896	0.003896	0.003896	0.047264	0.072758	-0.829687	0.072002	0.286179	0.008764	0.003896	
0.003896	0.003896	0.003896	0.003896	0.009687	0.090926	-0.523404	-0.436972	0.256253	0.091177	0.003896	0.003896	
0.003896	0.003896	0.003896	0.003896	0.127735	-0.124621	-1.048413	0.197944	0.268362	0.010312	0.003896	0.003896	
0.003896	0.003896	0.003896	0.061540	0.054815	-1.043341	-0.114651	0.342278	0.061791	0.003896	0.003896	0.003896	
0.003896	0.003896	0.003896	0.074442	-0.487088	-0.693614	0.057830	0.142957	0.007768	0.003896	0.003896	0.003896	
0.003896	0.003896	0.003896	0.048899	-1.131256	-0.092232	0.264729	0.050004	0.003896	0.003896	0.003896	0.003896	

-0.246590	-0.246590	-0.246590	-0.246590	-0.246590	-0.246590	-0.246590	-0.246590	-0.246590	-0.246590	-0.246590	-0.246590	
-0.246590	-0.246590	-0.246590	-0.246590	-0.224407	-0.242615	-0.246590	-0.246590	-0.246590	-0.246590	-0.246590	-0.246590	
-0.246590	-0.044306	0.253976	0.267867	-0.236572	-0.296128	-0.389382	-0.351944	-0.383277	0.030248	-0.070214	-0.246590	
-0.246590	0.340870	0.780162	1.267270	1.443011	1.354897	1.269972	1.092055	1.073789	0.854768	0.349539	-0.246590	
-0.246590	-0.308112	-0.284059	0.177052	0.566054	0.862655	0.843505	0.580194	1.391995	1.223084	0.700432	-0.246590	
-0.246590	-0.246590	-0.246590	-0.246590	-0.239354	-0.246590	-0.312586	0.215264	0.764648	0.845084	0.341888	-0.246590	
-0.246590	-0.246590	-0.246590	-0.246590	-0.246590	-0.246590	-0.336251	0.516455	0.799036	0.835067	-0.099095	-0.246590	
-0.246590	-0.246590	-0.246590	-0.246590	-0.246590	-0.360064	0.198315	0.589528	0.768813	0.263912	-0.246590	-0.246590	
-0.246590	-0.246590	-0.246590	-0.246590	-0.251129	-0.015905	0.705699	0.729772	0.693941	-0.179096	-0.246590	-0.246590	
-0.246590	-0.246590	-0.246590	-0.246590	-0.515333	0.496343	0.823581	0.719395	0.212663	-0.246590	-0.246590	-0.246590	
-0.246590	-0.246590	-0.246590	-0.338882	0.020487	0.807118	0.897668	0.470343	-0.205861	-0.246590	-0.246590	-0.246590	
-0.246590	-0.246590	-0.246590	0.175770	0.532917	1.148498	0.999195	-0.007622	-0.246590	-0.246590	-0.246590	-0.246590	

-0.020119	-0.020119	-0.020119	-0.020119	-0.020119	-0.020119	-0.020119	-0.020119	-0.020119	-0.020119	-0.020119	-0.020119	
-0.020119	0.370039	0.788255	0.647054	0.174229	-0.016954	-0.020119	-0.020119	-0.020119	-0.020119	-0.020119	-0.020119	
-0.020119	0.481730	0.949517	1.004376	0.989733	0.939169	0.946527	0.946527	0.910008	0.498585	-0.034155	-0.020119	
-0.020119	0.376734	0.371774	0.769580	0.565855	-0.155570	-0.357076	-0.093853	0.171077	-0.130271	-0.090000	-0.020119	
-0.020119	-0.098496	0.595437	1.045336	1.171398	0.848153	1.016142	1.776948	2.091263	0.385940	0.175714	-0.020119	
-0.020119	-0.020119	-0.020119	-0.020119	0.008746	0.079636	0.515603	1.104346	0.550320	0.344379	0.328956	-0.020119	
-0.020119	-0.020119	-0.020119	-0.020119	-0.020119	0.135858	0.827203	0.810327	0.298643	0.511246	0.058235	-0.020119	
-0.020119	-0.020119	-0.020119	-0.020119	0.004662	0.593678	0.884679	0.468568	0.364862	0.275078	-0.020119	-0.020119	
-0.020119	-0.020119	-0.020119	-0.020119	0.232315	0.992605	0.879351	0.268285	0.355486	0.030209	-0.020119	-0.020119	
-0.020119	-0.020119	-0.020119	0.124559	0.912801	1.080593	-0.022202	0.454276	0.279532	-0.020119	-0.020119	-0.020119	
-0.020119	-0.020119	-0.020119	0.415781	1.027206	0.794844	0.401809	0.518544	0.010251	-0.020119	-0.020119	-0.020119	
-0.020119	-0.020119	-0.020119	0.507620	0.805860	0.185928	0.096606	0.035949	-0.020119	-0.020119	-0.020119	-0.020119	

-0.040230	-0.040230	-0.040230	-0.040230	-0.040230	-0.040230	-0.040230	-0.040230	-0.040230	-0.040230	-0.040230	-0.040230	
-0.040230	0.101415	-0.008252	-0.030496	0.024449	-0.003513	-0.040230	-0.040230	-0.040230	-0.040230	-0.040230	-0.040230	
-0.040230	0.109335	0.208791	0.292237	0.176225	0.229577	0.215987	0.232131	0.258684	0.108726	0.036518	-0.040230	
-0.040230	0.042957	0.204556	-0.019597	-0.218152	-0.210514	-0.222729	-0.075376	-0.086571	0.157692	0.024371	-0.040230	
-0.040230	0.097199	0.115870	0.112030	0.184471	0.191142	0.147502	0.251004	0.166400	0.141345	-0.045163	-0.040230	
-0.040230	-0.040230	-0.040230	-0.036637	-0.021538	-0.031260	0.112961	0.030746	0.418000	0.012471	-0.014098	-0.040230	
-0.040230	-0.040230	-0.040230	-0.040230	-0.040230	0.055257	0.154051	0.313257	0.353902	-0.015122	-0.027423	-0.040230	
-0.040230	-0.040230	-0.040230	-0.040230	-0.025459	0.121921	0.035628	0.352140	-0.134941	-0.015132	-0.040230	-0.040230	
-0.040230	-0.040230	-0.040230	-0.040230	0.112300	0.108599	0.293119	0.306508	-0.014291	-0.023349	-0.040230	-0.040230	
-0.040230	-0.040230	-0.040230	0.054670	0.123858	0.228219	0.361884	-0.117874	-0.008514	-0.040230	-0.040230	-0.040230	
-0.040230	-0.040230	-0.040230	0.121914	0.013910	0.249639	0.185793	-0.018293	-0.030043	-0.040230	-0.040230	-0.040230	
-0.040230	-0.040230	-0.040230	0.078070	0.244587	0.155126	-0.094238	-0.039553	-0.040230	-0.040230	-0.040230	-0.040230	

-0.179670	-0.179670	-0.179670	-0.179670	-0.179670	-0.179670	-0.179670	-0.179670	-0.179670	-0.179670	-0.179670	-0.179670	
-0.179670	-0.179670	-0.179670	-0.179670	-0.179670	-0.179670	-0.179670	-0.179670	-0.179670	-0.179670	-0.179670	-0.179670	
-0.179670	-0.284595	-0.816871	-0.408124	-0.245624	-0.314120	-0.397648	-0.397648	-0.313700	0.031817	0.016711	-0.179670	
-0.179670	0.418296	1.205499	1.215161	0.817485	0.382015	0.404367	0.370090	-0.081479	0.014884	0.133736	-0.179670	
-0.179670	0.114903	0.550318	0.638501	1.028397	1.095681	1.162050	0.913670	0.448577	0.699994	0.007019	-0.179670	
-0.179670	-0.179670	-0.179670	-0.179670	-0.103396	-0.146152	-0.209811	-0.385144	0.878314	0.736381	-0.192762	-0.179670	
-0.179670	-0.179670	-0.179670	-0.179670	-0.179670	-0.179670	-0.327758	0.334758	0.886306	0.242737	-0.179670	-0.179670	
-0.179670	-0.179670	-0.179670	-0.179670	-0.179670	-0.219373	-0.371714	0.842558	0.621037	-0.183307	-0.179670	-0.179670	
-0.179670	-0.179670	-0.179670	-0.179670	-0.181258	-0.461221	0.584068	0.895706	0.091967	-0.179670	-0.179670	-0.179670	
-0.179670	-0.179670	-0.179670	-0.179670	-0.323001	0.262623	1.039142	0.580067	-0.179670	-0.179670	-0.179670	-0.179670	
-0.179670	-0.179670	-0.179670	-0.211962	-0.572491	0.585478	1.075930	-0.186134	-0.179670	-0.179670	-0.179670	-0.179670	
-0.179670	-0.179670	-0.179670	-0.131261	0.322113	0.890572	0.103533	-0.179670	-0.179670	-0.179670	-0.179670	-0.179670	

0.018683	0.018683	0.018683	0.018683	0.018683	0.018683	0.018683	0.018683	0.018683	0.018683	0.018683	0.018683	
0.018683	0.018683	0.018683	0.222154	0.193818	0.050648	0.018683	0.018683	0.018683	0.018683	0.018683	0.018683	
0.018683	0.175722	0.752634	0.338245	0.067771	0.017086	0.106660	0.145446	0.243146	0.468786	0.073300	0.018683	
0.018683	0.781230	1.183685	1.255062	1.413067	1.331493	1.212386	0.973424	1.179683	1.089682	-0.093944	0.018683	
0.018683	-0.046896	0.153166	0.366938	0.621151	0.758028	0.806123	0.554674	1.794355	1.373584	0.103385	0.018683	
0.018683	0.018683	0.018683	0.018683	0.018683	0.018683	-0.151254	1.101600	1.142870	0.418224	0.123470	0.018683	
0.018683	0.018683	0.018683	0.018683	0.018683	0.018683	0.397519	1.098282	0.789411	0.226375	0.033072	0.018683	
0.018683	0.018683	0.018683	0.018683	0.018683	-0.108055	1.092036	1.046348	0.432318	0.108556	0.018683	0.018683	
0.018683	0.018683	0.018683	0.018683	0.013613	0.923873	1.278411	0.603007	0.195620	0.018683	0.018683	0.018683	
0.018683	0.018683	0.018683	0.018683	0.223523	1.257412	0.994473	0.345685	0.107934	0.018683	0.018683	0.018683	
0.018683	0.018683	0.018683	-0.084398	0.861741	1.037320	0.660314	0.273726	0.018683	0.018683	0.018683	0.018683	
0.018683	0.018683	0.018683	0.643751	1.274713	1.199906	0.359146	0.018683	0.018683	0.018683	0.018683	0.018683	

0.053568	0.053568	0.053568	0.053568	0.053568	0.053568	0.053568	0.053568	0.053568	0.053568	0.053568	0.053568	
0.053568	0.382056	0.916469	0.905536	0.454156	0.115010	0.053568	0.053568	0.053568	0.053568	0.053568	0.053568	
0.053568	0.623591	1.278461	1.326435	1.244957	1.240450	1.249364	1.249364	1.219714	0.756223	0.167112	0.053568	
0.053568	0.421511	0.358495	0.043348	0.161023	-0.175156	-0.322813	-0.109663	0.438131	0.063459	-0.112471	0.053568	
0.053568	-0.056283	-0.336294	-0.358846	-0.347073	-0.397003	-0.538698	0.621040	0.673887	-0.269490	0.222461	0.053568	
0.053568	0.053568	0.053568	0.053568	0.053568	0.053568	0.640670	1.122862	0.141454	0.055735	0.292249	0.053568	
0.053568	0.053568	0.053568	0.053568	0.053568	0.181833	1.086664	0.815861	-0.857407	0.371399	0.162025	0.053568	
0.053568	0.053568	0.053568	0.053568	0.073687	0.818451	1.187310	-0.099055	0.173886	0.355643	0.053568	0.053568	
0.053568	0.053568	0.053568	0.053568	0.298841	1.424375	1.027940	-0.685053	0.352166	0.126113	0.053568	0.053568	
0.053568	0.053568	0.053568	0.176641	1.339330	1.245131	-0.762103	0.351591	0.361319	0.053568	0.053568	0.053568	
0.053568	0.053568	0.053568	0.634855	1.243040	0.536605	-0.148108	0.349313	0.097345	0.053568	0.053568	0.053568	
0.053568	0.053568	0.053568	0.773193	0.791934	-0.762547	0.107339	0.110957	0.053568	0.053568	0.053568	0.053568	

-0.139520	-0.139520	-0.139520	-0.139520	-0.139520	-0.139520	-0.139520	-0.139520	-0.139520	-0.139520	-0.139520	-0.139520	
-0.139520	-0.139520	-0.139520	-0.139520	-0.139520	-0.139520	-0.139520	-0.139520	-0.139520	-0.139520	-0.139520	-0.139520	
-0.139520	0.141290	0.518535	-0.260064	-0.406584	-0.364657	-0.302986	-0.297612	-0.353855	-0.230472	-0.164957	-0.139520	
-0.139520	0.128655	0.382165	-0.395755	-0.401453	-0.281718	-0.242175	-0.297760	-0.254747	-0.580804	-0.366920	-0.139520	
-0.139520	0.061007	0.214393	-0.238927	-0.137258	-0.383150	-0.424123	-0.515757	0.062818	-1.048098	-0.394708	-0.139520	
-0.139520	-0.139520	-0.139520	-0.139520	-0.077542	-0.139520	-0.167202	0.504573	0.589849	-1.131102	-0.155320	-0.139520	
-0.139520	-0.139520	-0.139520	-0.139520	-0.139520	-0.139520	-0.152920	0.607988	-0.169848	-0.474212	-0.139520	-0.139520	
-0.139520	-0.139520	-0.139520	-0.139520	-0.139520	-0.197041	0.538170	0.735316	-1.005415	-0.143909	-0.139520	-0.139520	
-0.139520	-0.139520	-0.139520	-0.139520	-0.119753	0.313683	0.488740	-0.386077	-0.368992	-0.139520	-0.139520	-0.139520	
-0.139520	-0.139520	-0.139520	-0.139520	-0.169631	0.488275	0.262141	-0.847334	-0.139520	-0.139520	-0.139520	-0.139520	
-0.139520	-0.139520	-0.139520	-0.155479	0.442777	0.425235	-1.074443	-0.208331	-0.139520	-0.139520	-0.139520	-0.139520	
-0.139520	-0.139520	-0.139520	0.151582	0.765769	0.291507	-0.870578	-0.139520	-0.139520	-0.139520	-0.139520	-0.139520	

-0.143630	-0.143630	-0.143630	-0.143630	-0.143630	-0.143630	-0.143630	-0.143630	-0.143630	-0.143630	-0.143630	-0.143630	
-0.143630	0.127053	0.523841	0.638449	0.388102	-0.015991	-0.143630	-0.143630	-0.143630	-0.143630	-0.143630	-0.143630	
-0.143630	-0.007909	0.546360	1.311419	1.367570	1.224664	1.037724	1.037724	1.033478	0.976736	0.532030	-0.143630	
-0.143630	0.385500	0.850804	0.761823	0.472432	0.144817	0.034998	0.191281	0.330559	0.568115	0.408876	-0.143630	
-0.143630	0.315992	0.633997	0.563270	0.800858	0.983059	0.969434	1.130455	1.116720	1.181333	0.153839	-0.143630	
-0.143630	-0.143630	-0.143630	-0.129816	-0.061009	-0.066260	0.084579	0.603236	1.359249	0.646764	-0.106266	-0.143630	
-0.143630	-0.143630	-0.143630	-0.143630	-0.143630	-0.017194	0.092893	1.299971	1.395739	0.083935	-0.106664	-0.143630	
-0.143630	-0.143630	-0.143630	-0.143630	-0.122631	0.038131	0.690449	1.372025	0.628253	-0.076656	-0.143630	-0.143630	
-0.143630	-0.143630	-0.143630	-0.143630	0.056027	0.135238	1.465049	1.379475	-0.066607	-0.125724	-0.143630	-0.143630	
-0.143630	-0.143630	-0.143630	-0.040797	0.138279	1.145787	1.726800	0.366011	-0.083360	-0.143630	-0.143630	-0.143630	
-0.143630	-0.143630	-0.143630	0.011277	0.565036	1.678085	1.299428	-0.068603	-0.132825	-0.143630	-0.143630	-0.143630	
-0.143630	-0.143630	-0.143630	-0.112055	0.583731	1.221382	0.288029	-0.101630	-0.143630	-0.143630	-0.143630	-0.143630	

-0.140760	-0.140760	-0.140760	-0.140760	-0.140760	-0.140760	-0.140760	-0.140760	-0.140760	-0.140760	-0.140760	-0.140760	
-0.140760	-0.140760	-0.109556	0.254109	0.198432	-0.058643	-0.140760	-0.140760	-0.140760	-0.140760	-0.140760	-0.140760	
-0.140760	-0.075097	0.003577	0.026556	0.088586	0.120432	0.093469	0.093469	0.332205	0.383697	0.035870	-0.140760	
-0.140760	0.245625	0.279957	0.049848	0.033905	-0.055799	-0.122253	-0.171391	-0.050784	0.010308	-0.187419	-0.140760	
-0.140760	-0.004661	-0.113242	0.064702	0.188895	0.129265	-0.044592	0.094830	0.615419	0.114203	-0.157049	-0.140760	
-0.140760	-0.140760	-0.140760	-0.133822	-0.126405	-0.123350	-0.204501	0.724196	0.677349	-0.422708	-0.073939	-0.140760	
-0.140760	-0.140760	-0.140760	-0.140760	-0.140760	-0.140760	0.212853	0.662372	0.110106	-0.025182	-0.104254	-0.140760	
-0.140760	-0.140760	-0.140760	-0.140760	-0.140760	-0.264325	0.730695	0.549469	-0.374917	-0.054463	-0.140760	-0.140760	
-0.140760	-0.140760	-0.140760	-0.140760	-0.145703	0.487173	0.769439	-0.063615	-0.056655	-0.092638	-0.140760	-0.140760	
-0.140760	-0.140760	-0.140760	-0.140760	0.041582	0.878287	0.395323	-0.245186	-0.044110	-0.140760	-0.140760	-0.140760	
-0.140760	-0.140760	-0.140760	-0.241259	0.492041	0.641556	-0.235421	-0.055356	-0.111721	-0.140760	-0.140760	-0.140760	
-0.140760	-0.140760	-0.140760	0.387492	0.680926	0.187709	-0.356038	-0.139930	-0.140760	-0.140760	-0.140760	-0.140760	

0.287510	0.287510	0.287510	0.287510	0.287510	0.287510	0.287510	0.287510	0.287510	0.287510	0.287510	0.287510	
0.287510	0.287510	0.287510	0.464613	0.473039	0.356919	0.287510	0.287510	0.287510	0.287510	0.287510	0.287510	
0.287510	0.155362	-0.022561	0.362448	0.466981	0.376658	0.245601	0.280979	0.424825	0.856572	0.729699	0.287510	
0.287510	0.519786	0.478409	-0.052964	0.049631	0.174340	0.136476	0.230795	-0.004405	0.650955	0.793325	0.287510	
0.287510	0.203442	-0.139142	-0.347722	-0.799649	-0.865609	-0.749256	-1.178681	-0.570271	0.155838	0.517558	0.287510	
0.287510	0.287510	0.287510	0.287510	0.287510	0.287510	0.127451	-0.003598	-0.286760	0.336000	0.494095	0.287510	
0.287510	0.287510	0.287510	0.287510	0.287510	0.287510	0.034140	-0.078767	-0.338784	0.487636	0.347504	0.287510	
0.287510	0.287510	0.287510	0.287510	0.287510	0.209778	-0.049102	-0.346993	0.447303	0.485444	0.287510	0.287510	
0.287510	0.287510	0.287510	0.287510	0.284401	-0.022961	0.082070	-0.241536	0.487594	0.294584	0.287510	0.287510	
0.287510	0.287510	0.287510	0.287510	0.022878	0.078432	-0.502851	0.407886	0.464972	0.287510	0.287510	0.287510	
0.287510	0.287510	0.287510	0.224288	-0.141013	-0.262192	0.539703	0.469598	0.291779	0.287510	0.287510	0.287510	
0.287510	0.287510	0.287510	0.294256	-0.115780	-0.740659	0.613603	0.396394	0.287510	0.287510	0.287510	0.287510	

-0.115020	-0.115020	-0.115020	-0.115020	-0.115020	-0.115020	-0.115020	-0.115020	-0.115020	-0.115020	-0.115020	-0.115020	
-0.115020	-0.115020	0.010407	0.048953	-0.044324	-0.115020	-0.115020	-0.115020	-0.115020	-0.115020	-0.115020	-0.115020	
-0.115020	0.509857	0.562649	-0.069111	-0.257450	-0.061640	0.034171	0.049833	0.103111	0.079208	-0.115108	-0.115020	
-0.115020	0.530222	0.982458	0.216013	0.023130	-0.112872	-0.081732	-0.078012	0.385161	-0.451682	-0.371504	-0.115020	
-0.115020	0.466011	0.880594	0.463530	0.581826	0.390016	0.395253	0.926363	1.164340	-0.508558	-0.333852	-0.115020	
-0.115020	-0.115020	-0.115020	-0.099451	-0.015812	0.017322	0.230842	1.184135	1.235003	-0.849502	-0.125545	-0.115020	
-0.115020	-0.115020	-0.115020	-0.115020	-0.115020	-0.115020	0.850325	1.341868	0.484270	-0.372693	-0.115020	-0.115020	
-0.115020	-0.115020	-0.115020	-0.115020	-0.115020	0.297492	1.247237	1.279657	-0.940670	-0.117944	-0.115020	-0.115020	
-0.115020	-0.115020	-0.115020	-0.115020	0.077327	0.991804	1.082669	0.172499	-0.287570	-0.115020	-0.115020	-0.115020	
-0.115020	-0.115020	-0.115020	-0.115020	0.591969	1.168328	0.880108	-0.762293	-0.115020	-0.115020	-0.115020	-0.115020	
-0.115020	-0.115020	-0.115020	0.215891	1.333054	1.314158	-0.423176	-0.161206	-0.115020	-0.115020	-0.115020	-0.115020	
-0.115020	-0.115020	-0.115020	0.718408	1.723657	0.999636	-0.852530	-0.115020	-0.115020	-0.115020	-0.115020	-0.115020	

0.028814	0.028814	0.028814	0.028814	0.028814	0.028814	0.028814	0.028814	0.028814	0.028814	0.028814	0.028814	
0.028814	0.112212	0.481994	0.792188	0.630798	0.190234	0.028814	0.028814	0.028814	0.028814	0.028814	0.028814	
0.028814	-0.062120	0.314817	1.621722	1.719166	1.388845	1.177760	1.217542	1.373606	1.571574	1.090494	0.028814	
0.028814	0.508450	0.644759	0.085198	-0.060832	-0.088249	-0.023880	0.120354	0.291036	1.343428	1.195049	0.028814	
0.028814	0.379621	0.384704	0.084775	0.202881	-0.018794	0.026398	-0.099820	1.030331	0.909508	0.045048	0.028814	
0.028814	0.028814	0.028814	0.033748	0.094024	0.098403	0.009748	0.566349	1.515380	0.679329	0.010359	0.028814	
0.028814	0.028814	0.028814	0.028814	0.028814	0.028814	0.017868	1.221197	1.274912	-0.215770	0.028814	0.028814	
0.028814	0.028814	0.028814	0.028814	0.028814	0.023451	0.727566	1.593697	0.535918	0.023687	0.028814	0.028814	
0.028814	0.028814	0.028814	0.028814	0.028599	0.068222	1.731429	1.448454	-0.157650	0.028814	0.028814	0.028814	
0.028814	0.028814	0.028814	0.028814	0.135264	1.460603	1.552631	0.071440	0.028814	0.028814	0.028814	0.028814	
0.028814	0.028814	0.028814	0.024452	0.395936	1.672513	1.268287	-0.050131	0.028814	0.028814	0.028814	0.028814	
0.028814	0.028814	0.028814	-0.031418	0.589557	0.952142	0.208548	0.028814	0.028814	0.028814	0.028814	0.028814	

0.146220	0.146220	0.146220	0.146220	0.146220	0.146220	0.146220	0.146220	0.146220	0.146220	0.146220	0.146220	
0.146220	0.146220	0.157376	0.248208	0.168401	0.146220	0.146220	0.146220	0.146220	0.146220	0.146220	0.146220	
0.146220	0.034052	0.033113	-0.138875	-0.163616	-0.074535	-0.017654	-0.017654	0.232044	0.323631	0.106296	0.146220	
0.146220	0.175698	0.521600	0.546891	0.491445	0.417104	0.473087	0.327739	0.649842	0.751565	0.137943	0.146220	
0.146220	0.368866	0.391697	0.462945	0.480766	0.500628	0.433170	-0.044114	0.546332	0.363570	0.105018	0.146220	
0.146220	0.146220	0.146220	0.158963	0.205582	0.237854	0.175135	0.330084	0.579626	0.154098	0.173146	0.146220	
0.146220	0.146220	0.146220	0.146220	0.146220	0.146220	-0.190809	0.676534	0.510495	0.166635	0.161917	0.146220	
0.146220	0.146220	0.146220	0.146220	0.146220	0.024114	0.396628	0.507928	0.075350	0.163111	0.146220	0.146220	
0.146220	0.146220	0.146220	0.146220	0.141336	0.062711	0.425845	0.415548	0.151546	0.166912	0.146220	0.146220	
0.146220	0.146220	0.146220	0.146220	-0.235472	0.534195	0.525455	0.153204	0.168843	0.146220	0.146220	0.146220	
0.146220	0.146220	0.146220	0.046907	-0.082048	0.765369	0.361362	0.172645	0.158707	0.146220	0.146220	0.146220	
0.146220	0.146220	0.146220	0.147668	0.554403	0.609271	0.331767	0.154612	0.146220	0.146220	0.146220	0.146220	

-0.138980	-0.138980	-0.138980	-0.138980	-0.138980	-0.138980	-0.138980	-0.138980	-0.138980	-0.138980	-0.138980	-0.138980	
-0.138980	-0.138980	-0.138980	-0.138980	-0.138980	-0.138980	-0.138980	-0.138980	-0.138980	-0.138980	-0.138980	-0.138980	
-0.138980	-0.025058	-0.217181	-0.729203	-1.013048	-0.833741	-0.794637	-0.794637	-0.703855	-0.223721	-0.151784	-0.138980	
-0.138980	0.233411	0.293691	-0.434550	-0.213013	-0.263646	-0.322718	-0.440115	-0.859250	-0.922281	-0.333857	-0.138980	
-0.138980	-0.075029	-0.219132	-0.302584	-0.335725	-0.555814	-0.468882	-0.740685	-0.798402	-1.094802	-0.044611	-0.138980	
-0.138980	-0.138980	-0.138980	-0.138980	-0.138980	-0.138980	-0.199535	-0.238671	-0.299856	-0.460902	-0.113495	-0.138980	
-0.138980	-0.138980	-0.138980	-0.138980	-0.138980	-0.138980	-0.195781	-0.292412	-1.230109	-0.045460	-0.097132	-0.138980	
-0.138980	-0.138980	-0.138980	-0.138980	-0.138980	-0.165345	-0.272342	-0.401981	-0.296287	-0.040748	-0.138980	-0.138980	
-0.138980	-0.138980	-0.138980	-0.138980	-0.140035	-0.323096	-0.210275	-1.169373	-0.035530	-0.138980	-0.138980	-0.138980	
-0.138980	-0.138980	-0.138980	-0.138980	-0.269094	-0.121138	-0.593457	-0.107063	-0.027807	-0.138980	-0.138980	-0.138980	
-0.138980	-0.138980	-0.138980	-0.160423	-0.256574	-0.429645	-0.818794	-0.101569	-0.138980	-0.138980	-0.138980	-0.138980	
-0.138980	-0.138980	-0.138980	0.291732	0.357644	-1.245219	-0.271314	-0.128886	-0.138980	-0.138980	-0.138980	-0.138980	

-0.169020	-0.169020	-0.169020	-0.169020	-0.169020	-0.169020	-0.169020	-0.169020	-0.169020	-0.169020	-0.169020	-0.169020	
-0.169020	-0.169020	-0.169020	-0.169020	-0.169020	-0.169020	-0.169020	-0.169020	-0.169020	-0.169020	-0.169020	-0.169020	
-0.169020	0.382504	0.641662	-0.175362	-0.500371	-0.510875	-0.418598	-0.420427	-0.308259	-0.349940	-0.196170	-0.169020	
-0.169020	0.749292	0.880064	0.439887	0.371255	0.116250	0.109556	0.114517	0.302070	-0.710053	-0.472260	-0.169020	
-0.169020	0.429568	0.877945	0.801597	0.878696	0.679548	0.644174	1.271855	1.628482	-0.512767	-0.383491	-0.169020	
-0.169020	-0.169020	-0.169020	-0.141843	-0.061271	0.026525	0.207571	1.484799	1.164242	-0.724322	-0.184343	-0.169020	
-0.169020	-0.169020	-0.169020	-0.169020	-0.169020	-0.169020	0.983392	1.448000	0.011196	-0.370924	-0.169020	-0.169020	
-0.169020	-0.169020	-0.169020	-0.169020	-0.169020	0.271145	1.358454	1.056700	-0.644188	-0.173276	-0.169020	-0.169020	
-0.169020	-0.169020	-0.169020	-0.169020	-0.021592	1.185982	1.232277	-0.351109	-0.366852	-0.169020	-0.169020	-0.169020	
-0.169020	-0.169020	-0.169020	-0.169020	0.563616	1.350102	0.645421	-0.457593	-0.169020	-0.169020	-0.169020	-0.169020	
-0.169020	-0.169020	-0.169020	0.192797	1.587834	1.270488	-0.797538	-0.235319	-0.169020	-0.169020	-0.169020	-0.169020	
-0.169020	-0.169020	-0.169020	0.961501	1.807422	0.450776	-0.810563	-0.169020	-0.169020	-0.169020	-0.169020	-0.169020	

-0.098635	-0.098635	-0.098635	-0.098635	-0.098635	-0.098635	-0.098635	-0.098635	-0.098635	-0.098635	-0.098635	-0.098635	
-0.098635	-0.098635	0.089027	0.375755	0.298719	0.010774	-0.098635	-0.098635	-0.098635	-0.098635	-0.098635	-0.098635	
-0.098635	-0.356641	0.034977	1.001192	1.018124	0.676367	0.625219	0.664477	0.964171	1.201987	0.589245	-0.098635	
-0.098635	0.243903	0.470488	0.297832	0.295846	0.266743	0.306078	0.351283	0.378273	1.052415	0.688921	-0.098635	
-0.098635	0.030751	-0.190890	-0.200625	-0.027814	0.009839	-0.022172	-0.349524	0.934582	1.021592	-0.064283	-0.098635	
-0.098635	-0.098635	-0.098635	-0.085071	-0.060455	-0.098635	-0.207807	0.721917	1.384382	0.475145	-0.067524	-0.098635	
-0.098635	-0.098635	-0.098635	-0.098635	-0.098635	-0.098635	-0.200595	1.176818	1.068307	-0.080181	-0.080060	-0.098635	
-0.098635	-0.098635	-0.098635	-0.098635	-0.098635	-0.160085	0.704899	1.306080	0.319074	-0.067321	-0.098635	-0.098635	
-0.098635	-0.098635	-0.098635	-0.098635	-0.101093	0.130775	1.476882	1.159211	-0.064988	-0.074150	-0.098635	-0.098635	
-0.098635	-0.098635	-0.098635	-0.098635	-0.238381	1.367856	1.356918	-0.158732	-0.055075	-0.098635	-0.098635	-0.098635	
-0.098635	-0.098635	-0.098635	-0.148614	0.398229	1.425518	0.780460	-0.064135	-0.083860	-0.098635	-0.098635	-0.098635	
-0.098635	-0.098635	-0.098635	-0.160144	0.579419	0.919594	0.307759	-0.083430	-0.098635	-0.098635	-0.098635	-0.098635	

-0.010352	-0.010352	-0.010352	-0.010352	-0.010352	-0.010352	-0.010352	-0.010352	-0.010352	-0.010352	-0.010352	-0.010352	
-0.010352	-0.010352	0.394335	0.487865	0.200976	-0.003504	-0.010352	-0.010352	-0.010352	-0.010352	-0.010352	-0.010352	
-0.010352	0.245101	0.857636	0.700543	0.757156	0.708836	0.662438	0.646207	0.565205	0.410358	-0.054411	-0.010352	
-0.010352	-0.037378	-0.183232	0.128546	0.553200	0.594532	0.630894	0.563412	0.884701	1.050368	-0.004258	-0.010352	
-0.010352	-0.054929	-0.115301	-0.199976	-0.287582	-0.359645	-0.381530	0.073702	0.192852	-0.211909	0.070570	-0.010352	
-0.010352	-0.010352	-0.010352	-0.010352	-0.010352	-0.010352	0.104133	0.592069	0.215294	0.058062	0.120264	-0.010352	
-0.010352	-0.010352	-0.010352	-0.010352	-0.010352	-0.010352	0.359055	0.329615	-0.246924	0.105298	0.034954	-0.010352	
-0.010352	-0.010352	-0.010352	-0.010352	-0.010352	0.189279	0.547231	-0.008239	-0.005161	0.106040	-0.010352	-0.010352	
-0.010352	-0.010352	-0.010352	-0.010352	0.068830	0.545876	0.670546	-0.148123	0.111585	0.026136	-0.010352	-0.010352	
-0.010352	-0.010352	-0.010352	-0.010352	0.439282	0.680846	-0.286124	0.007198	0.098076	-0.010352	-0.010352	-0.010352	
-0.010352	-0.010352	-0.010352	0.093224	0.544039	0.372829	-0.050532	0.094399	0.011666	-0.010352	-0.010352	-0.010352	
-0.010352	-0.010352	-0.010352	0.074371	0.193649	0.086739	0.188847	0.063914	-0.010352	-0.010352	-0.010352	-0.010352	

-0.132420	-0.132420	-0.132420	-0.132420	-0.132420	-0.132420	-0.132420	-0.132420	-0.132420	-0.132420	-0.132420	-0.132420	
-0.132420	-0.132420	-0.027412	-0.122782	-0.132420	-0.132420	-0.132420	-0.132420	-0.132420	-0.132420	-0.132420	-0.132420	
-0.132420	-0.213847	0.239354	0.095474	0.107283	-0.159235	-0.208232	-0.234587	-0.065378	-0.092257	-0.187703	-0.132420	
-0.132420	0.228721	0.061553	-0.100292	0.327462	0.180279	0.158595	0.126873	0.375537	0.456108	-0.190520	-0.132420	
-0.132420	0.207410	-0.104772	-0.201454	-0.164055	-0.459136	-0.410444	-0.408801	0.141943	-0.554749	-0.014570	-0.132420	
-0.132420	-0.132420	-0.132420	-0.129142	-0.101623	-0.132420	-0.205240	0.708759	0.564958	-0.369173	-0.141131	-0.132420	
-0.132420	-0.132420	-0.132420	-0.132420	-0.132420	-0.132420	0.129719	0.779659	-0.267033	-0.114310	-0.112513	-0.132420	
-0.132420	-0.132420	-0.132420	-0.132420	-0.132420	-0.158105	0.713067	0.519552	-0.317124	-0.099512	-0.132420	-0.132420	
-0.132420	-0.132420	-0.132420	-0.132420	-0.133447	0.411604	0.704019	-0.422152	-0.091349	-0.132420	-0.132420	-0.132420	
-0.132420	-0.132420	-0.132420	-0.132420	0.089377	0.657178	0.338633	-0.225943	-0.100287	-0.132420	-0.132420	-0.132420	
-0.132420	-0.132420	-0.132420	-0.153310	0.462013	0.878288	-0.844084	-0.168317	-0.132420	-0.132420	-0.132420	-0.132420	
-0.132420	-0.132420	-0.132420	-0.070062	0.694660	-0.095797	-0.095619	-0.100917	-0.132420	-0.132420	-0.132420	-0.132420	

0.020009	0.020009	0.020009	0.020009	0.020009	0.020009	0.020009	0.020009	0.020009	0.020009	0.020009	0.020009	
0.020009	0.240024	0.400859	0.239971	0.020009	0.020009	0.020009	0.020009	0.020009	0.020009	0.020009	0.020009	
0.020009	0.558144	0.768937	0.401302	0.504654	0.283580	0.294013	0.294013	0.271994	-0.006881	-0.035050	0.020009	
0.020009	0.430532	0.524101	0.517812	0.439042	0.446624	0.507267	0.766061	1.162992	0.265004	-0.014406	0.020009	
0.020009	0.320924	0.331565	0.248640	0.373403	0.348908	0.375572	0.929468	0.930200	-0.156879	-0.076006	0.020009	
0.020009	0.020009	0.020009	0.044449	0.103646	0.104947	0.476895	0.998775	0.703798	-0.042753	0.014685	0.020009	
0.020009	0.020009	0.020009	0.020009	0.020009	0.121911	0.893234	1.033228	0.065958	-0.070227	0.020009	0.020009	
0.020009	0.020009	0.020009	0.020009	0.034950	0.585467	1.048869	0.582238	-0.108495	0.018530	0.020009	0.020009	
0.020009	0.020009	0.020009	0.020009	0.321243	0.830044	0.920235	-0.098540	-0.082955	0.020009	0.020009	0.020009	
0.020009	0.020009	0.020009	0.134301	0.786206	1.032427	0.337704	-0.090837	0.020009	0.020009	0.020009	0.020009	
0.020009	0.020009	0.020009	0.463859	1.256775	0.900081	-0.121263	-0.003628	0.020009	0.020009	0.020009	0.020009	
0.020009	0.020009	0.020009	0.526125	1.091333	0.448059	0.112661	0.020009	0.020009	0.020009	0.020009	0.020009	

