00111011011111110101011101100100
10111110011111001000001000010111
10111100101001001101000010011010
10111101001001001100100000110110
10111110001101111111101101101010
00111100100110010000110100010111
00111101010110110110101000011111
10111110000011101101111001010101
10111110000100110001001110111110
10111110000100000010001101100100
00111110100100110011010010000011
10111101111010111000111110011011
00111100111011000000101101010110
00111110000101011011101010110010
10111110000011100101000011000110
10111110001011010001001110010100
10111101110010100000000100100110
10111100001010011001101101101111
10111110000001111001100100011100
00111100101000111110100111101010
